4082	7102	53
-184.4320526123047	-4.29139518737793	-150.793212890625	0.7829300165176392	0.6784939765930176	0.5905546534982423	7	0.3897612087619282	8	0.019684137739829462	3	-0.053682487457990646	-0.4460926353931427	-0.8933754563331604	-0.17742733657360077	-0.834561824798584	0.5215612649917603	-0.9817222356796265	0.18717151880264282	-0.034469883888959885
-184.22438049316406	-6.236865997314453	-149.19569396972656	0.8043500185012817	0.6714820265769958	0.6047455657185138	7	0.38339817452542824	8	0.01185625975605797	3	-0.008270670659840107	-0.7780534029006958	-0.6281437277793884	-0.2678477168083191	-0.6379055380821228	0.7220346927642822	-0.9634537696838379	0.17439520359039307	-0.20332986116409302
-186.8616943359375	-6.434588432312012	-148.74008178710938	0.8097999095916748	0.6872649788856506	0.7075042652432977	7	0.221343999262821	8	0.07115173549388132	3	0.015320639126002789	-0.7857778668403625	-0.618319034576416	-0.4789350926876068	-0.5329124331474304	0.6975855827331543	-0.8778312802314758	0.2855038642883301	-0.3845774233341217
-153.7520294189453	-4.826150894165039	-141.83580017089844	0.8064029216766357	0.34716796875	0.6417334270993896	8	0.35826657290061037	9	0.0	0	-0.026277216151356697	-0.6674901247024536	0.7441549301147461	0.16276195645332336	-0.7241302132606506	-0.6701820492744446	0.9863952994346619	0.10352956503629684	0.127694770693779
-154.1366729736328	-5.614698886871338	-142.68052673339844	0.815356969833374	0.3522779941558838	0.7440909369018953	8	0.2559090630981047	9	0.0	0	-0.11112227290868759	-0.898958146572113	0.42370519042015076	0.13458700478076935	-0.38997843861579895	-0.9109354019165039	0.9853783845901489	-0.04425613582134247	0.16453203558921814
-152.5775909423828	-5.98876428604126	-143.00132751464844	0.8147629499435425	0.34026098251342773	0.7204699731013171	8	0.2795300268986829	9	0.0	0	0.01104807946830988	-0.9539497494697571	0.2997630834579468	0.13057197630405426	-0.4058970808982849	-0.9045433402061462	0.991429328918457	0.04947684705257416	0.12091226875782013
-192.78834533691406	1.3673150539398193	-150.76893615722656	0.6703929901123047	0.7402049899101257	0.8385900730104734	3	0.16140992698952664	7	0.0	0	0.31596624851226807	0.46374064683914185	-0.8277137279510498	0.8895910978317261	-0.45395979285240173	0.0504794642329216	-0.35248538851737976	-0.7525882124900818	-0.5562058687210083
-194.33848571777344	1.0573102235794067	-151.94007873535156	0.6636559963226318	0.7533869743347168	1.0	3	0.0	0	0.0	0	0.7484626770019531	0.4264198839664459	-0.5079072117805481	0.5949568748474121	-0.6601733565330505	0.45847287774086	-0.14013953506946564	-0.6468775868415833	-0.7496067881584167
-195.07730102539062	2.5922138690948486	-150.9415283203125	0.6256020069122314	0.739549994468689	1.0	3	0.0	0	0.0	0	0.5613115429878235	0.7103374600410461	-0.4246765077114105	0.8316182494163513	-0.4483933448791504	0.32764995098114014	0.04232168570160866	-0.5371049046516418	-0.8424531817436218
-137.23199462890625	-5.3267388343811035	-143.56175231933594	0.8016729354858398	0.2555830478668213	0.9881895166110443	9	0.011810483388955736	10	0.0	0	0.07004066556692123	-0.9966221451759338	0.042878925800323486	0.49493181705474854	0.04475386068224907	-0.8677785396575928	0.8638890385627747	0.08209322392940521	0.4969472289085388
-134.21630859375	-5.0823588371276855	-144.217041015625	0.8034669160842896	0.24078500270843506	0.976379033266086	9	0.023620966733913992	10	0.0	0	0.05890253931283951	-0.9851068258285522	-0.1615394651889801	0.5027995109558105	0.16382506489753723	-0.8487367033958435	0.8625729084014893	-0.031229661777615547	0.5049681663513184
-134.2779541015625	-5.044749736785889	-143.45774841308594	0.7970420122146606	0.2386150360107422	0.972442206097982	9	0.027557793902017944	10	0.0	0	0.08737697452306747	-0.9817167520523071	0.1691078543663025	0.5457378029823303	-0.09667389839887619	-0.8323607444763184	0.8334922790527344	0.1650180071592331	0.5273138284683228
-131.56341552734375	-4.777250289916992	-143.3677215576172	0.7875308990478516	0.21738803386688232	0.925200276634095	9	0.07479972336590496	10	0.0	0	0.07141457498073578	-0.9525606632232666	0.2958516776561737	0.5998817086219788	-0.23771969974040985	-0.7639577388763428	0.7987936735153198	0.23225116729736328	0.5549666285514832
-134.35348510742188	-4.8311238288879395	-142.69398498535156	0.7870888710021973	0.23484694957733154	0.972442206097982	9	0.027557793902017944	10	0.0	0	0.1113632321357727	-0.855168342590332	0.5062464475631714	0.5688583850860596	-0.40261268615722656	-0.7171493768692017	0.8179183602333069	0.3682129383087158	0.4420732259750366
-215.5679473876953	-4.291394233703613	-150.793212890625	0.21738600730895996	0.6781280040740967	0.5905546534982423	26	0.3897612087619282	27	0.019684137739829462	3	0.053682487457990646	-0.4460926353931427	-0.8933754563331604	-0.17484384775161743	0.8350306153297424	-0.521683394908905	0.9822005033493042	0.18486247956752777	-0.03328815847635269
-213.79483032226562	-4.531271934509277	-150.44338989257812	0.21382197737693787	0.6916760206222534	0.6521805451331726	26	0.29644154620055163	27	0.051377908666275736	3	0.0422990508377552	-0.5139365196228027	-0.8567847013473511	-0.35212242603302	0.8155969381332397	-0.4591420590877533	0.9355349540710449	0.3213803470134735	-0.14659090340137482
-213.13832092285156	-6.4345903396606445	-148.74008178710938	0.19059598445892334	0.6870790123939514	0.7075042652432977	26	0.221343999262821	27	0.07115173549388132	3	-0.015320639126002789	-0.7857778668403625	-0.618319034576416	-0.47611016035079956	0.5338067412376404	-0.6988343596458435	0.8793663382530212	0.28373783826828003	-0.3823711574077606
-249.08660888671875	-4.967042922973633	-142.1556854248047	0.19681698083877563	0.32992398738861084	0.503944456577301	27	0.496055543422699	28	0.0	0	-0.01635824143886566	-0.8227035403251648	0.5682352185249329	0.24780181050300598	0.5358553528785706	0.8071266412734985	-0.9686092138290405	0.15402743220329285	0.1951201856136322
-248.72628784179688	-5.441250324249268	-142.7770538330078	0.19214197993278503	0.332084059715271	0.6496070816995824	27	0.35039291830041763	28	0.0	0	-0.20722603797912598	-0.8703799247741699	0.4466499388217926	0.03790711611509323	0.39683797955513	0.9171056151390076	-0.9770314693450928	0.20730900764465332	-0.04931998997926712
-247.4224090576172	-5.988764762878418	-143.00132751464844	0.18693998456001282	0.3399749994277954	0.7204699731013171	27	0.2795300268986829	28	0.0	0	-0.01104807946830988	-0.9539497494697571	0.2997630834579468	0.13263727724552155	0.40560781955718994	0.90437251329422	-0.9911542534828186	0.05009716749191284	0.1228964775800705
-204.92269897460938	2.5922141075134277	-150.9415283203125	0.37521499395370483	0.7383700013160706	1.0	3	0.0	0	0.0	0	-0.5613115429878235	0.7103374600410461	-0.4246765077114105	0.8284991979598999	0.4139675498008728	-0.3771205544471741	-0.09208597242832184	-0.5635592937469482	-0.8209269642829895
-205.66151428222656	1.057309627532959	-151.94007873535156	0.3378480076789856	0.7532259821891785	1.0	3	0.0	0	0.0	0	-0.7484626770019531	0.4264198839664459	-0.5079072117805481	0.5982586145401001	0.6474307775497437	-0.47214406728744507	0.1277998983860016	-0.658771812915802	-0.7414088249206543
-207.21165466308594	1.3673150539398193	-150.76893615722656	0.3284519910812378	0.7400680184364319	0.8385900730104734	3	0.16140992698952664	26	0.0	0	-0.31596624851226807	0.46374064683914185	-0.8277137279510498	0.8928369879722595	0.44690728187561035	-0.055821944028139114	0.3441656529903412	-0.7569620013237	-0.555480420589447
-262.7075500488281	-4.915107727050781	-142.2825927734375	0.21371397376060486	0.25069499015808105	0.9881895166110443	28	0.011810483388955736	29	0.0	0	-0.11429515480995178	-0.8281439542770386	0.5487388372421265	0.5016769170761108	0.37748271226882935	0.7783490419387817	-0.8531192541122437	0.3648476302623749	0.3729259669780731
-265.6465148925781	-4.831123352050781	-142.69398498535156	0.2143939733505249	0.23461604118347168	0.972442206097982	28	0.027557793902017944	29	0.0	0	-0.1113632321357727	-0.855168342590332	0.5062464475631714	0.568457841873169	0.40280503034591675	0.7173588871955872	-0.8181958198547363	0.36803358793258667	0.4417092502117157
-265.7220458984375	-5.0447492599487305	-143.45774841308594	0.2045689821243286	0.23831605911254883	0.972442206097982	28	0.027557793902017944	29	0.0	0	-0.08737697452306747	-0.9817167520523071	0.1691078543663025	0.5420765280723572	0.0974046066403389	0.8346648812294006	-0.8358777165412903	0.1646001636981964	0.5236555933952332
-268.43658447265625	-4.777249813079834	-143.36770629882812	0.2140199840068817	0.21711206436157227	0.925200276634095	28	0.07479972336590496	29	0.0	0	-0.07141392678022385	-0.9525520205497742	0.2958795130252838	0.5286637544631958	0.26106736063957214	0.8076871633529663	-0.8475634455680847	0.2143423855304718	0.4854828417301178
-190.25169372558594	21.666461944580078	2.384185791015625e-07	0.8226429224014282	0.8291622996330261	1.0	48	0.0	0	0.0	0	0.0	0.7638862133026123	0.6453510522842407	0.9998400211334229	0.004039650317281485	-0.017429200932383537	-0.015921447426080704	0.6452692151069641	-0.7637892961502075
-188.14739990234375	21.126544952392578	2.384185791015625e-07	0.8317551016807556	0.8279000520706177	1.0	48	0.0	0	0.0	0	0.3124539852142334	0.684908390045166	0.6582347750663757	0.926125168800354	-0.3735072910785675	-0.052769068628549576	0.2097136527299881	0.6260961294174194	-0.751015305519104
-188.069091796875	21.04456329345703	-1.5910961627960205	0.8333832025527954	0.8409281373023987	1.0	48	0.0	0	0.0	0	0.4085038900375366	0.8820754289627075	-0.2346646636724472	0.889630138874054	-0.439637690782547	-0.12360020726919174	-0.21219441294670105	-0.1582752764225006	-0.964324951171875
-185.44606018066406	19.277101516723633	-1.4302202463150024	0.8498580455780029	0.8358891010284424	1.0	48	0.0	0	0.0	0	0.7474096417427063	0.6307966113090515	-0.20850561559200287	0.5961300134658813	-0.7866928577423096	-0.16044723987579346	-0.2652788758277893	-0.004377291072160006	-0.9641618132591248
-185.44606018066406	19.19683837890625	2.384185791015625e-07	0.8493216633796692	0.8253222107887268	1.0	48	0.0	0	0.0	0	0.5781498551368713	0.47554537653923035	0.6630228757858276	0.6924062967300415	-0.7213555574417114	0.014820506796240807	0.4864194393157959	0.45153045654296875	-0.7480081915855408
-183.814697265625	15.547219276428223	2.384185791015625e-07	0.8663955926895142	0.823030948638916	1.0	48	0.0	0	0.0	0	0.7564470171928406	0.12778358161449432	0.6414509415626526	0.23846355080604553	-0.9708806872367859	0.02293313294649124	0.6272873282432556	0.13595840334892273	-0.7668285369873047
-186.08999633789062	-1.8967015743255615	-8.911834716796875	0.9526647329330444	0.8709697723388672	0.6338597724991969	47	0.3661402275008031	46	0.0	0	0.9499270915985107	-0.25822755694389343	-0.17594633996486664	-0.2422681599855423	-0.9699815511703491	0.021022552624344826	-0.1761177033185959	0.022659439593553543	-0.9841083288192749
-187.52000427246094	-4.963442325592041	-8.69827651977539	0.9726293087005615	0.8685680031776428	0.6181124448776245	47	0.3818875551223755	46	0.0	0	0.629062294960022	-0.7694202065467834	-0.11078479140996933	-0.7189760208129883	-0.6938983201980591	-0.039733003824949265	-0.046474263072013855	0.1050354614853859	-0.9933819770812988
-188.6300048828125	-4.789725303649902	-11.351706504821777	0.9757606983184814	0.9024526476860046	0.6259861178990042	47	0.37401388210099584	46	0.0	0	0.30729877948760986	-0.5409850478172302	-0.782880961894989	-0.8088516592979431	-0.5860896110534668	0.04751865193247795	-0.484782874584198	0.6189354658126831	-0.6179841756820679
-185.82000732421875	3.367959499359131	-9.263763427734375	0.9293667078018188	0.8719477653503418	1.0	47	0.0	0	0.0	0	0.9767526984214783	0.014984708279371262	-0.2138449102640152	0.008891625329852104	-0.9998224973678589	-0.016614533960819244	-0.21405673027038574	0.014326917007565498	-0.9767162203788757
-187.22999572753906	7.127016067504883	-11.069642066955566	0.9101325273513794	0.8929518461227417	0.8818951697329869	47	0.10235751993727371	46	0.01574731032973939	48	0.6905827522277832	0.4584250748157501	-0.5594122409820557	0.4102243483066559	-0.8568453192710876	-0.3123013973236084	-0.6238238215446472	-0.013844027183949947	-0.7814423441886902
-187.39999389648438	8.9329252243042	-9.600934982299805	0.8965162038803101	0.8828184604644775	0.8149538499590295	47	0.16929883971123108	48	0.01574731032973939	46	0.5470908284187317	0.4176885783672333	-0.7254157066345215	0.26706773042678833	-0.9333566427230835	-0.23983365297317505	-0.7791455984115601	-0.06267703324556351	-0.6237015724182129
-190.0399932861328	-5.515627384185791	-8.818655014038086	0.9964510202407837	0.8692094087600708	0.5787441730499268	47	0.42125582695007324	46	0.0	0	-0.0004577792715281248	-0.9992101192474365	-0.03973524272441864	-0.9996594190597534	-0.0004595007048919797	0.026091791689395905	-0.026089442893862724	0.039733655750751495	-0.9988697171211243
-190.0399932861328	-5.108454704284668	-11.27613353729248	0.9949799180030823	0.902844250202179	0.610238790512085	47	0.38976120948791504	46	0.0	0	0.035921063274145126	-0.6566199660301208	-0.7533657550811768	-0.9696623682975769	-0.2421433925628662	0.03348872438073158	-0.20541973412036896	0.7329031825065613	-0.6485797762870789
-190.25169372558594	21.71640968322754	-3.783148765563965	0.8233780860900879	0.8620471954345703	1.0	48	0.0	0	0.0	0	-0.0004577911167871207	0.9624295234680176	-0.2715311646461487	0.849921703338623	-0.14409758150577545	-0.5068225860595703	-0.5269085764884949	-0.2310124933719635	-0.8179246187210083
-187.93206787109375	21.138416290283203	-3.6630499362945557	0.8358842134475708	0.8536015152931213	1.0	48	0.0	0	0.0	0	0.4273946285247803	0.874504804611206	-0.22929275035858154	0.7528549432754517	-0.5307720303535461	-0.3892180323600769	-0.46272924542427063	-0.00628337636590004	-0.8864773511886597
-187.84397888183594	19.966949462890625	-4.882781505584717	0.8451170921325684	0.861261248588562	1.0	48	0.0	0	0.0	0	0.39708954095840454	0.544987142086029	-0.7384504079818726	0.5422742962837219	-0.7893296480178833	-0.28791868686676025	-0.7397946119308472	-0.2861138880252838	-0.6089686155319214
-185.72999572753906	3.401958703994751	-1.013097882270813	0.9306060075759888	0.8323718905448914	0.9527580667081619	47	0.04724193329183807	46	0.0	0	0.7815843224525452	0.20435331761837006	0.5893774628639221	0.1180664524435997	-0.9928274154663086	0.018815362825989723	0.5919336080551147	0.05515371263027191	-0.8040973544120789
-185.75999450683594	3.363388776779175	-3.222768783569336	0.9312137365341187	0.843600332736969	0.9921263447104708	47	0.007873655289529213	46	0.0	0	0.9984719753265381	-0.05057061091065407	-0.022279147058725357	-0.05134899169206619	-0.9986667633056641	-0.005291881039738655	-0.02198183536529541	0.006427808199077845	-0.9997377991676331
-185.24000549316406	7.034750461578369	-3.1768274307250977	0.9121789932250977	0.8420608639717102	0.9212634477646701	47	0.06692606893436918	48	0.011810483300960779	46	0.9786830544471741	-0.17948220670223236	-0.09982762485742569	-0.1795332431793213	-0.9817776083946228	0.062293849885463715	-0.10919094830751419	-0.04304426163434982	-0.9930883646011353
-187.32000732421875	-4.968808650970459	-5.567707538604736	0.9754147529602051	0.8530265688896179	1.0	47	0.0	0	0.0	0	0.6318082213401794	-0.7102426290512085	-0.31044119596481323	-0.7580273747444153	-0.6517709493637085	-0.024270880967378616	-0.18510501086711884	0.25066646933555603	-0.950211763381958
-185.73170471191406	-1.1726784706115723	-4.103736877441406	0.9530084133148193	0.8476639986038208	0.9921263447104708	47	0.007873655289529213	46	0.0	0	0.9735601544380188	-0.21232157945632935	-0.08426330983638763	-0.16639147698879242	-0.9774360656738281	-0.13012519478797913	-0.054821185767650604	0.14093051850795746	-0.9885004162788391
-185.61920166015625	-0.8572933673858643	-2.0789334774017334	0.9524528980255127	0.8367876410484314	0.9803158622601705	47	0.019684137739829462	46	0.0	0	0.9864596724510193	-0.14777210354804993	-0.07113935798406601	-0.20312613248825073	-0.9745585322380066	-0.09473958611488342	-0.055397842079401016	0.10804013907909393	-0.9926018714904785
-187.1999969482422	-4.908095836639404	-3.8084890842437744	0.9764413833618164	0.8429868817329407	0.9842526894356074	47	0.0157473105643926	46	0.0	0	0.6846036314964294	-0.7283375263214111	0.029023632407188416	-0.7171618938446045	-0.6965189576148987	-0.023243606090545654	0.037149250507354736	-0.004902585409581661	-0.9992977380752563
-190.0399932861328	-5.947588920593262	-3.7703449726104736	0.9975606203079224	0.8431269526481628	0.9921263447104708	47	0.007873655289529213	46	0.0	0	0.0006714202463626862	-0.9970285296440125	0.07703021913766861	-0.9992996454238892	0.0019562861416488886	0.037369538098573685	-0.03740919008851051	-0.07700136303901672	-0.9963289499282837
-185.39418029785156	-0.739956259727478	0.0	0.9527634978294373	0.8254244923591614	0.9611810481592307	47	0.03881895184076932	46	0.0	0	0.7710291147232056	-0.10074283927679062	0.6287806034088135	-0.08807458728551865	-0.9952096939086914	-0.042433712631464005	0.6300535798072815	-0.02266232855618	-0.776220977306366
-186.72999572753906	-4.239425182342529	0.0	0.9767854809761047	0.8271951675415039	0.987899595939184	47	0.012100404060815997	46	0.0	0	0.5498551726341248	-0.548909068107605	0.6295698881149292	-0.7705578207969666	-0.6344131827354431	0.06132391095161438	0.36599478125572205	-0.5191919207572937	-0.7723259925842285
-190.0800018310547	-5.069297790527344	0.0	0.9953544735908508	0.8287861347198486	0.9959105821440632	47	0.004089417855936798	46	0.0	0	-0.002807816956192255	-0.6919132471084595	0.7219752073287964	-0.9884597063064575	-0.10537468641996384	-0.10882838815450668	0.1513783484697342	-0.7139519453048706	-0.6836352944374084
-190.3000030517578	7.831847667694092	-11.371989250183105	0.8965328931808472	0.9112420678138733	0.7834592224448689	47	0.21260395002585988	46	0.003936827529271231	48	-0.02734563685953617	0.6835188865661621	-0.7294204235076904	0.5771598815917969	-0.5848632454872131	-0.5699312090873718	-0.8161699175834656	-0.43657734990119934	-0.37850621342658997
-190.22999572753906	9.49498462677002	-10.060818672180176	0.8842828273773193	0.9046748876571655	0.7637867476336577	47	0.15747550157756154	46	0.07873775078878077	48	-0.018220022320747375	0.5699785351753235	-0.82145756483078	0.42957988381385803	-0.7354381680488586	-0.5240151286125183	-0.9028140306472778	-0.3624314069747925	-0.23145298659801483
-187.82000732421875	5.935902118682861	-12.269038200378418	0.9228223562240601	0.904573380947113	0.6535439089996787	47	0.34645609100032126	46	0.0	0	0.4214041531085968	0.20877939462661743	-0.8825133442878723	0.2905384302139282	-0.94868004322052	-0.12487489730119705	-0.8638103604316711	-0.20390312373638153	-0.4607115089893341
-190.14999389648438	6.811230659484863	-12.54435920715332	0.9146242141723633	0.9216476678848267	0.6574807359936118	47	0.33858243624246376	46	0.003936827763924445	48	-0.005523907020688057	0.3562767505645752	-0.9343642592430115	0.6867964863777161	-0.7018721103668213	-0.18890759348869324	-0.7252802848815918	-0.6446928381919861	-0.24153609573841095
-186.52999877929688	2.4849796295166016	-11.71873664855957	0.9427006244659424	0.8984421491622925	0.5472495555877686	47	0.45275044441223145	46	0.0	0	0.6044941544532776	-0.06030597537755966	-0.794323742389679	-0.015178678557276726	-0.998991072177887	0.042265743017196655	-0.7961930632591248	-0.013494675047695637	-0.6048921942710876
-186.101806640625	19.43077278137207	-3.5132219791412354	0.8500015735626221	0.849556028842926	1.0	48	0.0	0	0.0	0	0.7515382170677185	0.5630203485488892	-0.3438000977039337	0.5250493288040161	-0.8256440162658691	-0.20648285746574402	-0.40011066198349	-0.02533227764070034	-0.9161167144775391
-190.25169372558594	21.375085830688477	-2.136948823928833	0.8229333162307739	0.8523432016372681	1.0	48	0.0	0	0.0	0	-0.0005798647180199623	0.9860752820968628	-0.16629910469055176	0.9451339840888977	-0.053166355937719345	-0.3223278224468231	-0.3266810476779938	-0.15736186504364014	-0.9319425225257874
-188.02993774414062	20.766401290893555	-2.0563137531280518	0.834475040435791	0.8459749817848206	1.0	48	0.0	0	0.0	0	0.43272554874420166	0.893589437007904	-0.11935888975858688	0.8543598651885986	-0.4336543679237366	-0.28637921810150146	-0.3077072203159332	0.021951107308268547	-0.9512278437614441
-185.62222290039062	19.11944580078125	-1.8675456047058105	0.8509408235549927	0.8395329713821411	1.0	48	0.0	0	0.0	0	0.75629723072052	0.5765389204025269	-0.30922091007232666	0.5486523509025574	-0.8076980113983154	-0.21588106453418732	-0.3742689788341522	-0.00638536037877202	-0.9272981882095337
-184.8572235107422	16.12312126159668	-4.4956464767456055	0.8663325309753418	0.8513209819793701	0.9921263447104708	48	0.007873655289529213	47	0.0	0	0.815931499004364	0.28468334674835205	-0.5032010078430176	0.26294422149658203	-0.9396595358848572	-0.21886169910430908	-0.5360205173492432	0.04633814096450806	-0.8429322838783264
-185.1699981689453	8.073201179504395	-7.285582065582275	0.906191349029541	0.8630515336990356	0.8695658830844677	47	0.11857785742448243	48	0.01185625949104992	46	0.9378551244735718	0.045412577688694	-0.34404298663139343	0.016981091350317	-0.9954636096954346	-0.09361594170331955	-0.34673506021499634	0.08195631951093674	-0.9343757033348083
-185.22999572753906	7.5485639572143555	-3.5358481407165527	0.9098647832870483	0.8443849682807922	0.8656137972083328	47	0.12252994330061737	48	0.01185625949104992	46	0.969204843044281	-0.17924048006534576	-0.16886389255523682	-0.15934881567955017	-0.9869634509086609	0.02260725013911724	-0.17074427008628845	0.004998072981834412	-0.9853026270866394
-185.741943359375	-0.938299298286438	-4.427868843078613	0.9535379409790039	0.8503521084785461	1.0	47	0.0	0	0.0	0	0.9888339638710022	-0.12131153792142868	-0.08655081689357758	-0.18938052654266357	-0.9787665605545044	-0.07842844724655151	-0.07534249871969223	0.09412331879138947	-0.9927055239677429
-187.35000610351562	-4.615843296051025	-5.973923683166504	0.9745867252349854	0.8554010391235352	1.0	47	0.0	0	0.0	0	0.7261964082717896	-0.6447110176086426	-0.23871856927871704	-0.7306935787200928	-0.6809152960777283	-0.04940974339842796	-0.13111063838005066	0.21098478138446808	-0.9686564803123474
-185.95999145507812	2.359572172164917	0.0	0.9354142546653748	0.8283000588417053	0.9763179981100634	47	0.02368200188993662	46	0.0	0	0.4436267912387848	0.3464232087135315	0.8265509009361267	0.4793277084827423	-0.8392742872238159	0.25663918256759644	0.7897334694862366	0.2849070727825165	-0.5432760715484619
-185.75999450683594	3.5788180828094482	-3.486555576324463	0.9316154718399048	0.8456732034683228	0.9921263447104708	47	0.007873655289529213	46	0.0	0	0.9948842525482178	-0.08722289651632309	-0.050966497510671616	-0.07044005393981934	-0.99714195728302	0.02731587365269661	-0.05320978909730911	-0.0235888808965683	-0.9983046650886536
-187.07000732421875	-1.784371256828308	-11.64421558380127	0.9591825008392334	0.8982486724853516	0.6338597724991969	47	0.3661402275008031	46	0.0	0	0.46563488245010376	-0.21049247682094574	-0.8595796227455139	-0.22202804684638977	-0.972697913646698	0.06754568964242935	-0.8511274456977844	0.1595487892627716	-0.5001263618469238
-186.87840270996094	11.984926223754883	-7.793923377990723	0.8774317502975464	0.8693023920059204	0.6047455623392346	48	0.35968565672870234	47	0.035568780932063004	46	0.4968233108520508	0.3448373079299927	-0.7964005470275879	0.3524756133556366	-0.9043829441070557	-0.24052569270133972	-0.8044022917747498	-0.1614556610584259	-0.571724534034729
-190.0399932861328	12.458396911621094	-8.172246932983398	0.8645808696746826	0.8899298906326294	0.6284580779935562	48	0.3359731410743807	47	0.035568780932063004	46	-0.004394763149321079	0.42327064275741577	-0.9059926867485046	0.3759996294975281	-0.8356013298034668	-0.40049314498901367	-0.9265917539596558	-0.34242260456085205	-0.1554817110300064
-190.0399932861328	16.753931045532227	-6.746819019317627	0.8492437601089478	0.8816898465156555	1.0	48	0.0	0	0.0	0	-0.00274672475643456	0.3587527573108673	-0.9334286451339722	0.30422443151474	-0.8894175887107849	-0.34115102887153625	-0.9525976181030273	-0.28490909934043884	-0.10669847577810287
-184.94479370117188	11.337665557861328	-5.912344932556152	0.8854885101318359	0.8558806777000427	0.6377965974233157	48	0.3385824351388106	47	0.023620967437873678	46	0.8920406103134155	0.081699438393116	-0.4445095956325531	0.0814451053738594	-0.995366096496582	-0.05111728236079216	-0.44667017459869385	0.009396489709615707	-0.8946493864059448
-187.1434783935547	16.37114143371582	-6.330249309539795	0.8596829175949097	0.8632447719573975	1.0	48	0.0	0	0.0	0	0.4244617223739624	0.34306687116622925	-0.8379364609718323	0.23104268312454224	-0.9415847063064575	-0.24502556025981903	-0.8732167482376099	-0.08961240202188492	-0.4790220856666565
-184.02474975585938	15.79541301727295	-2.069558620452881	0.8663449287414551	0.8357850313186646	0.9960631723534021	48	0.003936827646597835	47	0.0	0	0.9410054683685303	0.23750217258930206	-0.24104243516921997	0.13878367841243744	-0.9827127456665039	-0.12253452837467194	-0.26669442653656006	0.08207347989082336	-0.9602802395820618
-184.0542449951172	9.337987899780273	2.384185791015625e-07	0.8957939147949219	0.8239532709121704	0.5984283089637756	48	0.40157169103622437	47	0.0	0	0.7122848629951477	-0.3145296573638916	0.6274722814559937	-0.3479079306125641	-0.9309903979301453	-0.11053040623664856	0.6191191673278809	-0.13961480557918549	-0.7727866768836975
-184.18678283691406	10.789939880371094	-2.912322521209717	0.8923397064208984	0.8399600386619568	0.6417334265017288	48	0.3503929179740888	47	0.007873655524182432	46	0.9740864634513855	-0.15039941668510437	-0.16892465949058533	-0.15531779825687408	-0.9878575205802917	-0.0037324039731174707	-0.16631250083446503	0.029872756451368332	-0.9856204986572266
-183.94073486328125	15.751005172729492	-1.7487273216247559	0.8662843704223633	0.8329495787620544	0.9960631723534021	48	0.003936827646597835	47	0.0	0	0.9704431891441345	0.20072346925735474	-0.13397841155529022	0.1816326528787613	-0.9773061871528625	-0.10900526493787766	-0.15281999111175537	0.0814497098326683	-0.9848918914794922
-185.25	7.0208845138549805	-1.1062774658203125	0.9124640822410583	0.8291323184967041	0.853757534809186	47	0.146242465190814	48	0.0	0	0.6922455430030823	-0.33736366033554077	0.6379512548446655	-0.34563377499580383	-0.9376041889190674	-0.037892524152994156	0.6117851734161377	-0.19453871250152588	-0.7667291760444641
-184.23776245117188	10.96450138092041	-3.225421905517578	0.8916498422622681	0.8420382738113403	0.6798351996766075	48	0.31621271342391827	47	0.003952086899474182	46	0.9647330045700073	-0.10431360453367233	-0.24167919158935547	-0.14451897144317627	-0.9893969297409058	0.014423219487071037	-0.24081102013587952	0.02102924883365631	-0.9703441262245178
-190.0399932861328	-5.739038944244385	-5.574263095855713	0.9978567361831665	0.8549937605857849	1.0	47	0.0	0	0.0	0	0.0	-0.9353864192962646	-0.3536272943019867	-0.9624701142311096	-0.10025284439325333	0.2521919906139374	-0.2713519334793091	0.34035927057266235	-0.9002909064292908
-190.0399932861328	-5.348175525665283	-6.101161479949951	0.9974905252456665	0.8567174673080444	1.0	47	0.0	0	0.0	0	-0.00027466894243843853	-0.9547797441482544	-0.2973138689994812	-0.9659845232963562	-0.11055231839418411	0.2337777316570282	-0.2562439739704132	0.28745439648628235	-0.9228807687759399
-190.25169372558594	21.632728576660156	-1.7013763189315796	0.8225998878479004	0.8461999297142029	1.0	48	0.0	0	0.0	0	-0.00018311745952814817	0.9631062150001526	-0.26912161707878113	0.9616705179214478	-0.09672790765762329	-0.25658053159713745	-0.27322643995285034	-0.25892964005470276	-0.9264463186264038
-190.25169372558594	20.210281372070312	-5.267091751098633	0.8355166912078857	0.8721723556518555	1.0	48	0.0	0	0.0	0	-0.0036012441851198673	0.556758463382721	-0.8306666612625122	0.6399700045585632	-0.6378796100616455	-0.428425133228302	-0.7683955430984497	-0.5331452488899231	-0.3540119528770447
-192.43429565429688	21.04456329345703	-1.5910961627960205	0.8357741832733154	0.8397591710090637	1.0	48	0.0	0	0.0	0	-0.43654653429985046	0.8712924718856812	-0.2242245078086853	-0.8768213987350464	-0.462484210729599	-0.13150110840797424	-0.21828565001487732	0.13920451700687408	0.9659055471420288
-192.3560028076172	21.126544952392578	2.384185791015625e-07	0.8341664671897888	0.8269252181053162	1.0	48	0.0	0	0.0	0	-0.3496859073638916	0.675353467464447	0.6493207812309265	-0.9022765159606934	-0.4302346706390381	-0.02819892391562462	0.26032182574272156	-0.5957408547401428	0.7598193883895874
-190.25169372558594	21.666461944580078	2.384185791015625e-07	0.8226429224014282	0.8291622996330261	1.0	48	0.0	0	0.0	0	0.0	0.7638862133026123	0.6453510522842407	-0.9910752773284912	0.029750654473900795	-0.1299414485692978	-0.11868205666542053	-0.6407899260520935	0.7584872245788574
-195.3300018310547	15.547219276428223	2.384185791015625e-07	0.8658514618873596	0.8234885931015015	1.0	48	0.0	0	0.0	0	-0.7290790677070618	-0.0007629861938767135	0.6844291090965271	-0.05272990092635155	-0.9985740780830383	0.00832756981253624	0.6841369271278381	-0.030048733577132225	0.7287343740463257
-194.70498657226562	19.04755973815918	2.384185791015625e-07	0.8512441515922546	0.8266587257385254	1.0	48	0.0	0	0.0	0	-0.6212311387062073	0.36300286650657654	0.6944787502288818	-0.6333284378051758	-0.7733591794967651	-0.028475278988480568	0.529034435749054	-0.45951157808303833	0.713422417640686
-194.86158752441406	19.277101516723633	-1.4302202463150024	0.8516032695770264	0.835132896900177	1.0	48	0.0	0	0.0	0	-0.8279328942298889	0.5605515837669373	-0.017579229548573494	-0.4957966208457947	-0.8537157773971558	-0.1592327505350113	-0.10448861867189407	-0.1233813613653183	0.986842930316925
-191.44000244140625	-4.789725303649902	-11.351706504821777	0.9751441478729248	0.9027971625328064	0.5	47	0.5	46	0.0	0	-0.3629036843776703	-0.6078811883926392	-0.7062445878982544	0.798140287399292	-0.6006880402565002	0.04632518067955971	-0.4528074264526367	-0.5473718047142029	0.7038106918334961
-192.5500030517578	-4.963442325592041	-8.69827651977539	0.9727920293807983	0.8687882423400879	0.9370107580944094	47	0.06298924190559058	46	0.0	0	-0.6369977593421936	-0.7640188336372375	-0.10251415520906448	0.706666111946106	-0.7060210704803467	-0.04644686356186867	-0.03705504536628723	-0.10248388350009918	0.9940441846847534
-193.97999572753906	-1.8967015743255615	-8.911834716796875	0.952448844909668	0.8710699081420898	0.9212634494806569	47	0.07873655051934308	46	0.0	0	-0.9523091316223145	-0.26633769273757935	-0.1489012986421585	0.2561444938182831	-0.9661808609962463	0.02973931096494198	-0.15179240703582764	-0.009819627739489079	0.9883636236190796
-192.92999267578125	8.93449592590332	-9.51095199584961	0.8965208530426025	0.882864773273468	0.9209570607404879	47	0.05533005822672793	46	0.023712881032784232	48	-0.5856594443321228	0.40074485540390015	-0.7045614123344421	-0.2622261643409729	-0.9326924681663513	-0.24763348698616028	-0.7571686506271362	0.03976714238524437	0.6520076990127563
-192.72000122070312	7.125619888305664	-11.14963150024414	0.9097743034362793	0.8936712741851807	0.8853742265890074	47	0.10672159979607762	46	0.007904173614914982	48	-0.6601875424385071	0.4407557547092438	-0.6081831455230713	-0.3534872531890869	-0.8730766773223877	-0.33583328127861023	-0.6799594759941101	-0.006737371440976858	0.7332186698913574
-194.25999450683594	3.367959499359131	-9.263763427734375	0.9293783903121948	0.8718604445457458	1.0	47	0.0	0	0.0	0	-0.9764692783355713	0.01629737764596939	-0.215039923787117	-0.005054280161857605	-0.9998483061790466	-0.016665253788232803	-0.21528542041778564	-0.015186695381999016	0.9764330983161926
-190.0399932861328	-5.108454704284668	-11.27613353729248	0.9949799180030823	0.902844250202179	0.610238790512085	47	0.38976120948791504	46	0.0	0	0.035921063274145126	-0.6566199660301208	-0.7533657550811768	0.9712523221969604	-0.16805221140384674	0.16860425472259521	-0.23735305666923523	-0.7378870248794556	0.631811797618866
-190.0399932861328	-5.515627384185791	-8.818655014038086	0.9964510202407837	0.8692094087600708	0.5787441730499268	47	0.42125582695007324	46	0.0	0	-0.0004577792715281248	-0.9992101192474365	-0.03973524272441864	0.9998682737350464	-0.0011151678627356887	0.016191117465496063	-0.0162226390093565	-0.03972259536385536	0.9990790486335754
-192.64962768554688	19.966949462890625	-4.882781505584717	0.8472287654876709	0.8599754571914673	1.0	48	0.0	0	0.0	0	-0.4208921492099762	0.5077502131462097	-0.7516912221908569	-0.48599621653556824	-0.8278288841247559	-0.280191034078598	-0.7645489573478699	0.24739216268062592	0.5951992273330688
-192.56153869628906	21.138416290283203	-3.6630499362945557	0.8384698629379272	0.8518552780151367	1.0	48	0.0	0	0.0	0	-0.4276026487350464	0.8745238780975342	-0.2288319617509842	-0.7322889566421509	-0.5262661576271057	-0.43219998478889465	-0.4989756941795349	-0.017258798703551292	0.8664440512657166
-190.25169372558594	21.71640968322754	-3.783148765563965	0.8233780860900879	0.8620471954345703	1.0	48	0.0	0	0.0	0	-0.0004577911167871207	0.9624295234680176	-0.2715311646461487	-0.8091349005699158	-0.16156932711601257	-0.5649744272232056	-0.5876200795173645	0.2194470316171646	0.7788105010986328
-194.66534423828125	7.034750461578369	-3.1768274307250977	0.9124377965927124	0.8423553109169006	0.9288613549064657	47	0.05928220455505752	48	0.011856440538476794	46	-0.9883057475090027	-0.12335891276597977	0.08963511884212494	0.12797142565250397	-0.9903051853179932	0.05402660369873047	0.08210146427154541	0.06486554443836212	0.9945108890533447
-194.30999755859375	3.363388776779175	-3.222768783569336	0.9312136173248291	0.8436002731323242	0.9921263447104708	47	0.007873655289529213	46	0.0	0	-0.9889957904815674	-0.0890541821718216	0.11813870072364807	0.08279626071453094	-0.9964673519134521	-0.014056372456252575	0.11897473782300949	-0.004120305646210909	0.9928887486457825
-193.76528930664062	3.397216796875	-1.2847663164138794	0.9312894940376282	0.8326290249824524	0.9921263447104708	47	0.007873655289529213	46	0.0	0	-0.7435476183891296	0.2599959671497345	0.6160674691200256	-0.16474224627017975	-0.9772423505783081	0.13363206386566162	0.6375648975372314	-0.002133125439286232	0.7703936696052551
-194.1300048828125	-0.8572933673858643	-2.0789334774017334	0.9525322914123535	0.8368009328842163	0.9803158622601705	47	0.019684137739829462	46	0.0	0	-0.9924708008766174	-0.07763978093862534	-0.09473030269145966	0.1339578926563263	-0.9885559678077698	-0.06937118619680405	-0.08836912363767624	-0.08163934201002121	0.9927365779876709
-194.02000427246094	-1.1726784706115723	-4.103736877441406	0.9531923532485962	0.8478370308876038	0.9921263447104708	47	0.007873655289529213	46	0.0	0	-0.9812968373298645	-0.17990747094154358	-0.0684838593006134	0.1485813409090042	-0.9815381765365601	-0.12044228613376617	-0.04558578133583069	-0.12846292555332184	0.9906659722328186
-192.75999450683594	-4.968808650970459	-5.567707538604736	0.9754065275192261	0.8530384302139282	1.0	47	0.0	0	0.0	0	-0.655401885509491	-0.6893393397331238	-0.308641642332077	0.7365808486938477	-0.6757540702819824	-0.028373679146170616	-0.1890130639076233	-0.24594390392303467	0.950676441192627
-190.0399932861328	-5.947588920593262	-3.7703449726104736	0.9975606203079224	0.8431269526481628	0.9921263447104708	47	0.007873655289529213	46	0.0	0	0.0006714202463626862	-0.9970285296440125	0.07703021913766861	0.9993002414703369	0.0010422919876873493	0.037388212978839874	-0.037357524037361145	0.07695146650075912	0.9963347911834717
-192.8699951171875	-4.908095836639404	-3.8084890842437744	0.9764413833618164	0.8429868817329407	0.9842526894356074	47	0.0157473105643926	46	0.0	0	-0.7095397710800171	-0.704198956489563	0.025636088103055954	0.6901932954788208	-0.7231664657592773	-0.025757547467947006	0.036684129387140274	-0.0005822539678774774	0.9993267059326172
-193.33999633789062	-4.239425182342529	0.0	0.9768189191818237	0.8271982073783875	0.9880674444583526	47	0.011932555541647391	46	0.0	0	-0.5756602883338928	-0.5307965278625488	0.6219890117645264	0.7474262118339539	-0.6615170240402222	0.06123168021440506	0.3792743682861328	0.5005613565444946	0.7781960964202881
-194.4199981689453	-0.739956259727478	0.0	0.952551543712616	0.8254216313362122	0.987960632015203	47	0.012039367984797024	46	0.0	0	-0.7841066718101501	-0.0657389760017395	0.6171345710754395	0.07909175008535385	-0.9961386322975159	-0.0381091833114624	0.6173809766769409	0.018932392820715904	0.7864364981651306
-190.0800018310547	-5.069297790527344	0.0	0.9953544735908508	0.8287861347198486	0.9959105821440632	47	0.004089417855936798	46	0.0	0	-0.002807816956192255	-0.6919132471084595	0.7219752073287964	0.9882890582084656	-0.10821191966533661	-0.1075868085026741	0.15256944298744202	0.713229238986969	0.684124767780304
-190.22999572753906	9.49498462677002	-10.060818672180176	0.8842828273773193	0.9046748876571655	0.7637867476336577	47	0.15747550157756154	46	0.07873775078878077	48	-0.018220022320747375	0.5699785351753235	-0.82145756483078	-0.4390312135219574	-0.7394477128982544	-0.5103613138198853	-0.8983348608016968	0.3513525724411011	0.263715535402298
-190.3000030517578	7.831847667694092	-11.371989250183105	0.8965328931808472	0.9112420678138733	0.7834592224448689	47	0.21260395002585988	46	0.003936827529271231	48	-0.02734563685953617	0.6835188865661621	-0.7294204235076904	-0.49191704392433167	-0.6367779970169067	-0.5937435030937195	-0.8703692555427551	0.34259989857673645	0.35367023944854736
-190.14999389648438	6.811230659484863	-12.54435920715332	0.9146242141723633	0.9216476678848267	0.6574807359936118	47	0.33858243624246376	46	0.003936827763924445	48	-0.005523907020688057	0.3562767505645752	-0.9343642592430115	-0.5503706336021423	-0.8105180263519287	-0.2003818154335022	-0.8327598571777344	0.5156472325325012	0.20154151320457458
-192.25	5.936425685882568	-12.239044189453125	0.9224207401275635	0.9046974182128906	0.6535439089996787	47	0.34645609100032126	46	0.0	0	-0.4467063248157501	0.2003571093082428	-0.8719578385353088	-0.28351739048957825	-0.951647937297821	-0.11825458705425262	-0.854142963886261	0.19453886151313782	0.48228058218955994
-193.5399932861328	2.4849796295166016	-11.71873664855957	0.9427164196968079	0.898481547832489	0.5472495555877686	47	0.45275044441223145	46	0.0	0	-0.5852662920951843	-0.07895310968160629	-0.8069881200790405	0.0062225740402936935	-0.9988275766372681	0.04800761491060257	-0.8103715777397156	0.023091061040759087	0.5854610204696655
-194.40158081054688	19.43077278137207	-3.5132219791412354	0.851838231086731	0.848872721195221	1.0	48	0.0	0	0.0	0	-0.7997314929962158	0.4673442542552948	-0.3768540918827057	-0.4557361304759979	-0.8768762946128845	-0.15294614434242249	-0.4019632935523987	0.04943392053246498	0.9143203496932983
-192.46365356445312	20.766401290893555	-2.0563137531280518	0.8370140790939331	0.8450563549995422	1.0	48	0.0	0	0.0	0	-0.44170260429382324	0.8897532224655151	-0.11505691707134247	-0.8420613408088684	-0.431878924369812	-0.3231305778026581	-0.3373012840747833	-0.04585679620504379	0.9402791261672974
-190.25169372558594	21.375085830688477	-2.136948823928833	0.8229333162307739	0.8523432016372681	1.0	48	0.0	0	0.0	0	-0.0005798647180199623	0.9860752820968628	-0.16629910469055176	-0.9302541613578796	-0.060839325189590454	-0.36183661222457886	-0.3669157326221466	0.154490664601326	0.917336106300354
-194.86158752441406	19.11944580078125	-1.8675456047058105	0.8531057834625244	0.8390616178512573	1.0	48	0.0	0	0.0	0	-0.884784460067749	0.4430178999900818	-0.14453931152820587	-0.4311228096485138	-0.8869993090629578	-0.16542494297027588	-0.20150800049304962	-0.08405770361423492	0.9758734107017517
-194.72000122070312	16.12312126159668	-4.4956464767456055	0.8655471801757812	0.8523247838020325	1.0	48	0.0	0	0.0	0	-0.8530774712562561	0.20853886008262634	-0.4782995879650116	-0.15198487043380737	-0.9742675423622131	-0.16644346714019775	-0.5007109642028809	-0.06929615139961243	0.8628364205360413
